51
148
155
183
355
412
467
488
489
581
596
598
623
836
847
857
859
968
1129
1374
1375
1535
1536
1543
1636
1728
1906
2101
2180
2309
2645
2820
2876
2936
3098
3162
3290
3375
3383
3397
3458
3479
3553
3569
3643
3651
3667
3767
3952
3953
4217
4240
4313
4318
4353
4513
4535
4760
4825
4843
4846
5054
5080
5105
5126
5166
5213
5313
5465
5468
5578
5580
5581
5743
5970
5972
6277
6364
6376
6514
6517
6548
6550
6616
6647
6648
6720
7040
7076
7077
7124
7132
7157
7351
7422
7533
8639
8660
8698
9131
9294
10891
23411
26291
53637
57678
641371
653361